1 228.266451
2 230.968702
3 234.412381
4 238.202862
5 242.220066
6 246.036215
7 248.181296
8 246.409426
9 242.701526
10 240.296603
11 229.930200
12 233.385979
13 237.737890
14 242.011606
15 246.593955
16 250.210003
17 253.247079
18 250.204388
19 246.343824
20 242.736296
21 233.081467
22 236.666336
23 241.101093
24 245.990824
25 251.158465
26 255.598812
27 258.764991
28 254.912513
29 250.534700
30 246.370974
31 235.653828
32 239.964627
33 244.637035
34 249.949603
35 255.817148
36 260.698104
37 265.221431
38 260.027332
39 255.411694
40 250.411732
41 236.451110
42 240.984663
43 246.529190
44 251.602224
45 257.848695
46 264.431731
47 272.772623
48 265.388660
49 257.669969
50 252.268002
51 234.900002
52 238.903087
53 244.410329
54 250.190463
55 255.210120
56 260.688182
57 265.643279
58 260.777279
59 254.989532
60 250.364606
61 231.885917
62 235.591437
63 240.683912
64 245.264571
65 250.356594
66 254.914763
67 258.362224
68 255.249338
69 250.642302
70 246.768431
71 229.358091
72 232.441755
73 236.833494
74 240.794291
75 245.508267
76 249.159149
77 252.269597
78 250.499917
79 246.060137
80 242.567350
81 229.137688
82 232.723960
83 233.181143
84 236.562370
85 240.480949
86 244.442933
87 247.029288
88 245.789665
89 241.789361
90 238.619961
91 226.802898
92 228.981468
93 230.103879
94 233.239170
95 236.569451
96 239.813569
97 242.406226
98 241.202180
99 237.945625
100 236.016396
